Some((
    red: 1.0,
    green: 0.30196083,
    blue: 0.30196083,
))