Some((
    red: 0.08235294,
    green: 0.10196079,
    blue: 0.10980392,
    alpha: 1.0,
))