Some((
    red: 0.16470589,
    green: 0.3529412,
    blue: 0.36078432,
))