Some((
    red: 0.73324853,
    green: 0.90481603,
    blue: 0.8819432,
))